Source Name	Cell ID	PC 1	PC 2	PC 3	PC 4	PC 5	PC 6	PC 7	PC 8	PC 9	PC 10	PC 11	PC 12	PC 13	PC 14	PC 15	PC 16	PC 17	PC 18	PC 19	PC 20
2902E38204	1	2.2064916546943447	-4.254050123327122	-3.2671436678816095	-2.237200176622832	0.4854766747290118	-4.266907746804036	0.2310901878738636	0.8520379009492902	1.8097616221806283	0.6121543336436084	-0.8295997702782512	1.315402059338867	0.049381305390714114	-0.6469703238562683	-0.48341944302644047	-0.027076587768215976	-0.10911206393112738	0.43884459615101457	-0.017226678350479974	-0.23086743097667783
2902E38204	2	2.1395089316179803	-2.030093229642336	-2.5419833255503557	-4.255797952109965	-1.6389024573393403	-2.072364876515141	-0.5625750759481005	-2.302008752818545	1.1136169469541293	-1.512813099972164	-0.8229631221106868	-0.13282918614677364	-0.6469171902734698	0.3164271804293979	-0.9816224038718553	-0.9369238817701047	0.0979759365543924	0.23781766609211297	0.08539842610788884	-0.34649947500036893
2902E38204	3	0.8519526886589099	-2.9961277914200046	-1.5221325254259994	-2.246770552711514	-1.8064900167473208	-1.5137837589988186	-1.902316154915305	-1.302218540020591	0.307478841265469	-1.602262157889961	-0.8586214114155208	-1.6084159550941983	1.3219783463805046	3.1699595885002205	-1.691162601511151	-0.39766147931254503	-0.2948451702782069	0.8480589287141884	0.3143033184611628	0.13343083112167387
2902E38204	4	2.11430419717953	-5.799738582433996	0.5893424469713147	-1.5247088925876011	-3.7121090362657574	-0.9726398356636983	-0.5903122186972714	-0.4599209413286023	-0.0006745080548484772	1.0116463810709277	0.6538184405438006	-1.391340480445308	0.6084130100335978	-0.04594317295013073	0.1776120988518044	0.015529073062063414	0.8077533399681809	0.43367830123087026	-0.13940259351133233	-0.28690999690223995
2902E38204	5	3.3714876738192334	1.2818349148192922	-1.8743428410080305	-3.9083272740585184	-1.4854818647346117	-2.750193009443417	-0.3884700961474761	-0.06647383948593455	-0.3084495876715523	0.6936830503972999	-0.09165861752158233	-0.3094704253547391	-0.7399403106932707	-0.4406590677251774	-0.2724857954688411	-0.5006788312130674	0.6362807847711143	0.40407170902098977	-0.09622069639728292	0.20174851108306635
2902E38204	6	0.6572180770759937	-0.4227980241226418	-3.0656456735489366	0.16534187085497676	-2.560597838592666	-2.4872548472114664	-0.4601754568158758	0.6431268627490485	-1.7139764507609265	0.9500547681767231	0.32126876903108115	-0.9001647379565192	-0.17232953832642633	-1.1180047944225133	0.0030113668885163314	0.36443466304717154	-0.2068126051929251	0.31954033525380177	0.6080932003571771	0.18703109527022344
2902E38204	7	1.1848252904964427	-6.199912345462437	0.615602107436547	-2.566104297764323	-3.766916215565355	-1.3845801591509739	-0.36252159634642256	-0.9546979414543462	-0.5526862375417623	-0.4121193714458158	-0.018357295039409083	-0.3266028368929117	0.9260418662669283	1.4268416833835016	0.3556521404011401	0.19194736414276425	0.9290594817322539	1.1764976303469157	0.32035397220154027	-0.6054473085377778
2902E38204	8	3.4864652393657227	-5.286247390845503	-1.2756392261141556	1.1658619045092062	-1.9088687985369954	-1.1798552531797304	0.5397931347039093	0.2011881121941268	0.15240296967688627	-1.2306165259326434	1.2809205476786534	-0.3553517177548464	0.4521606762978367	1.3311502654689111	-1.1044585268230933	0.41189000598165526	-0.22188509887642627	0.608002401053618	0.18118943825932976	-0.03269887265049354
2902E38204	9	4.356879548924853	-2.0472328816824543	-3.4674380950059573	-0.9761758716904301	-2.7986807876668207	-3.229957651908655	-0.26176212664033516	0.3627096158389118	-1.106342055951251	-0.05739895930419858	-0.3288109483371795	-0.25503370369742306	0.7617015573375066	1.3517075522817	-1.4704504790207147	0.7910764072773033	-0.31985767575513324	0.5658889296394352	0.581961032015452	0.6209452720648359
2902E38204	10	0.33233944159652196	-3.8397644651902	0.8045610164986947	0.7149780455006396	-1.8490963746620703	-2.671412431306641	-0.6323072736517834	0.09089647023893721	-0.5160253895157703	1.3824895027683042	-0.7018706145138982	0.2599294970696402	-1.1666542251873115	1.6280655945683702	0.4780082756675319	-0.06049775486802256	1.088433136916483	0.5302296839089105	0.06653993778885581	-0.09397441391056338
2902E38204	11	2.6632770983262954	1.429937938775769	2.255352256061392	2.0817357698379264	-2.0971170983952794	-3.254238741491924	-0.32422948171061394	-0.09238568735801178	0.663942158753128	0.3605355233477703	-1.181013842509132	0.9906560907893383	-0.6762630801709368	-1.4265065235748995	0.1656137929286614	-0.32497104969281176	0.30804944422421454	0.5335060750023504	-0.009964056007097044	-0.8226802124306807
2902E38204	12	3.9244504756939786	-2.187836492632652	1.3588953702122375	-1.2017232762865047	-4.462214786757751	-2.171038296069958	-0.9910601341800604	-1.4253608363898007	0.6380146260265653	-0.7517756725921323	0.7751731172544882	-2.797237647123687	0.48800741849517965	1.203967751968219	-1.928296294657701	-0.22166999124215403	-0.9418952051672231	0.4299944623933103	0.032009745760542385	0.08844712915039787
2902E38204	13	3.0974677707209555	-2.4650855238125295	0.7431589147320949	2.0693907483203406	-1.3367717239152117	-2.024687439754767	0.8046606486743246	0.6773450260956249	1.2972523821443018	1.0917186083511503	-0.5849748779421351	0.408677633332724	1.4278999285640988	-0.3590652747392322	-0.35186245310526454	-0.26473329613304	0.34394180193462387	0.6215401958043467	-0.5653328509164244	-0.19944930077800782
2902E38204	14	-1.3181219452598525	-1.8621020857547208	0.7803922275497321	-1.5908298697138616	1.932520167025005	0.3198621131560637	1.3011729122187456	-0.36930973584552373	-1.0629897679368683	-0.015267980429730654	0.11707781679638773	0.1700518374925899	1.5251157664229142	0.15963410719523208	0.8231659018797237	0.5242195750477712	-0.1446410850445996	-0.2704886482165134	-0.10232144603333393	0.25212188908121513
2902E38204	15	4.508865979689391	-3.70389087588768	0.051206448867300525	-0.020468460770431296	-2.488513321138405	-2.314396747560795	-1.0625975797617078	-0.2729532547966731	1.3721360268117322	0.032212313690404004	0.24578313501464666	-0.9500649607807254	-0.7845435170454811	-0.42458578414783577	-0.3905392407638204	-0.4718299814991149	0.32651166133264664	1.0331703689315292	0.23913754272593013	-0.8342041302148089
2902E38204	16	-0.12212089127983305	-2.833326999818251	-1.7089570567997974	3.0050069145264433	-3.2884049767673877	-3.0743189408043206	-0.49121781225441596	-0.599102065396875	-1.013626031079673	0.7689257199663821	-0.8082549401541403	-0.5694745652912125	0.017289724838534137	0.977791786508637	0.9057132268342669	0.3883365166842139	-0.6119447527921149	0.43280948737846736	0.22415596366492596	-0.11137368720255258
2902E38204	17	2.929232091320058	-4.927212379257934	-1.3917064164488557	-0.14851915235547652	-1.27876205170143	-4.7069741943726475	-0.2906070696744121	-0.06456167137100377	-1.0861575235859768	-0.4199669202123537	-0.4985381839354315	-0.9364609049964088	0.17126354498636348	1.0565581393829693	-0.659851729800613	0.48408927987156636	-0.3544253419558625	1.3813677897392937	0.673094771929615	-0.191492541602313
2902E38204	18	-2.283137912289794	-7.021110085271154	1.2060948313789581	-0.08602497135515863	-2.241266944039956	-0.7726962047075743	-1.6954878626880299	0.8985171919732575	-1.8168134328277632	-0.09321564506315805	-1.2200181745070975	0.7799085702477058	-0.8233944737667256	1.7899484019499508	-0.395177580096592	0.7551510605516092	0.32070254972313816	0.5688155850364256	0.13070245257949042	-0.192137623301329
2902E38204	19	-1.7379623560299982	-5.385732013125967	-0.37576059943956674	-2.2778389023072134	-1.1473101731329283	-0.16789403950304216	-1.4515862639986357	0.5903597330040984	-1.5083279255118236	-0.7201976483068335	-0.24349828180928523	0.5327076084173346	-0.6299285588840104	2.519887039409565	-0.23682062270665805	0.5942565754330018	-0.18563792334587847	0.4689695904817379	0.18394888240352247	0.007109701224325082
2902E38204	20	-1.6860754192903384	0.9244245812563393	-3.6442580412405663	-1.3101388814426724	-3.402483012665658	-1.2674508680922782	-0.4605829564674271	-1.0417705025098958	-1.6609478485208755	-0.727922902629335	0.4610705847422085	-0.7860466503655275	-2.0427632837837635	0.8256345950629982	0.15231440262528428	-0.10093698152351971	-0.17050628996412587	0.11978487864219312	0.3338125389607913	0.49957191637552123
2902E38204	21	3.7501687829193333	-4.122272942484646	-2.307972055648027	-1.1368281423570754	-0.7453020396979742	-2.413789973767094	-0.3142999859945914	1.1881348733965236	-0.771865097917845	1.8434699301699162	0.7588423649123281	-0.6462669143022026	-1.266216389614719	-0.9706023199298588	0.25872168252400796	0.5709392658069432	0.5165495878649626	0.15458673143724533	0.12145185908102607	-0.12590066918901632
2902E38204	22	2.1955166751791975	-2.4333546378874615	-2.1412487600907086	-1.0797090167603014	-1.9497139564248325	-4.343444859815228	0.09372677312480304	0.2288531493101249	0.9934017326668871	0.879377842780346	0.2390491648658848	-0.4566419402769917	-0.5958598805966842	-1.285815950298075	-0.507930297129056	-0.3694626709277764	0.03846556602617679	0.5290968944866459	0.1260191852042094	-0.13387041920213028
2902E38204	23	-0.343051520954907	4.594842062061225	4.057404169127753	-0.8243221782443837	-1.627979857773371	-0.9492964541115638	-0.2708341256905631	-0.21139038209486682	1.855605180013265	0.4378091862810891	0.3928247571355772	-0.027664968631679443	-0.05367018131061824	0.6095568490051744	1.0025808674290437	-0.27234809520074643	0.14995438915674097	0.459041325289242	-0.2243650712482801	-0.6767376511448986
2902E38204	24	3.9103735059494458	-3.512842618671012	-0.11320851162294754	3.108233478018288	-3.7328158693510956	-1.320352558154691	-0.45787369732017114	-0.5097062187844135	1.730782573519535	-0.4637923461180484	0.791486397454771	-0.18091938090442738	-2.171169039821809	0.06831369717240432	-0.7519092118570243	-0.7145160377319457	0.35812481610038316	0.4144495162878352	-0.05351453089010971	-0.600913348220041
2902E38204	25	2.1825373548608074	0.8694465853027006	0.2597475179528701	-2.4896845549292306	-3.129432193274524	-3.5434689260930616	1.2496255345617047	-0.6514734366069608	-1.2676768511642806	-0.242166642692198	-0.3512305979205881	1.0423778236353147	-0.06306982844330716	0.10701202999423853	-0.05454148609350051	0.4074413358254154	0.3813675411158368	0.18236504307760648	0.17809982206841357	0.05824001975321247
2902E38204	26	-0.00045329792116732825	4.234880216576151	-1.4184621922044272	-2.159036569088031	-1.7971745896322584	-3.3223687779298023	0.2001246074552685	0.5993996196301647	1.46140071720516	0.4623435449235018	-0.4055549254072315	0.6294039572434453	1.1313218021092768	0.3329089651409316	-0.7378362469954873	0.3538521819757796	-0.056394836940120596	-0.23268641577460136	-0.07296111827805984	-0.5894506000267739
2902E38204	27	4.048992392900148	-4.70594257491334	-0.43925270627931634	-0.9182450005503466	-2.242755202683962	-3.075792972989052	-0.343748903336174	-0.01681832229715252	0.2515312030763339	0.681290089227047	0.30490648133818143	-1.362740789892701	-0.3917925799029616	-0.370229676759531	-0.8295774193952838	0.21387611165053633	0.6622532567411217	0.6193874379616029	0.13042372270850922	-0.660135266865177
2902E38204	28	-1.808735522425364	2.006281689190544	0.085089078692419	1.5073906233580305	-1.032888644221354	-0.9207741256423843	-0.7254335963144496	-1.134124085621463	-0.22047940369703278	-0.9575704330769994	-0.5024577872889051	-0.7493247853574161	-1.4764767448551266	-1.40595860319977	-0.8766333597012292	-0.6068393277755058	0.028528547758715606	0.04392342552830564	-0.10673132947313602	0.02692225805710402
2902E38204	29	-1.3000404521431561	-2.707500376936352	-1.3686543431610623	0.031904306708333774	-2.6115962712934317	-2.3476523979941595	-1.670750006307213	0.3073234041154247	-2.1204334893082675	1.0143955032185261	-0.2611740535551743	-1.3448653036442124	-1.3611924364800883	0.9901852337664405	0.8193864903637311	0.7391162031671477	-0.30197374808681476	0.7169752824561899	0.4972510655350557	-0.1552187675459833
2902E38204	30	5.481318417767509	-4.847706232219341	-2.5760196089173713	0.1011290639710185	-0.9885429649310413	-3.1087726724871763	0.15290958751188866	0.16356688084158466	0.29139966287833863	-0.09958537206011964	1.4024463983849589	-1.383046617036264	-0.37599514999230604	1.3915297553354133	-1.2024787104552979	0.3020124842725713	0.5809329122386739	0.6385044101292083	0.3125037795822496	0.11415939137621445
2902E38204	31	5.917497652130896	2.340019171218536	-0.41180078952943755	-1.985609771809838	-0.6280337457690617	-2.23082211913962	-2.966871123869819	-0.00740515236516015	-1.7569895245397782	1.7030701252536489	-0.9264060715607034	-1.6840542752422145	-1.9123474497582647	0.2440404326768555	0.12489899004914795	0.24357121401976434	0.878660657763157	0.14031895571845276	0.1684622898438224	-0.21717100990112703
2902E38204	32	-2.0862323782425474	3.8000499486901056	0.8698682002842439	1.5132161274274831	-2.1602863526913856	-0.4938176659187645	1.7592398033835361	-0.20591256321647688	0.03048174057313835	-0.5025323776889159	1.7631156302584212	-0.13402618311792835	-0.38696733462109717	-0.18414939896583138	-0.19610963270995052	-0.276475404996527	0.4484681287708494	-0.11148985695124813	-0.1445962451913243	0.09823954185475126
2902E38204	33	-2.40420844877781	0.8111695355879008	1.2035540648371879	-1.7388977292463434	-0.16347420318435613	-4.062366526176574	-0.8571531806212538	2.717260386018302	0.9876179062045032	1.079178398136132	0.26630383556438875	-0.1437619491903117	-0.6475345831513797	1.6293916443573953	-1.079141179438976	0.4243614768543913	0.29358667176296405	1.1122811573141471	-0.0439631378129175	-0.5846108794459517
2902E38204	34	-0.6108920141336383	-2.3862886199902107	-1.2545847250331945	0.9591064556869777	-3.3436770436085395	-3.0670810150900705	-0.5130314551826669	0.206703822128939	-1.9120757878646288	0.9586055871507597	-0.24697487196055445	0.09213120321677515	-1.698428543910026	1.4269410668669746	1.381118205873182	0.7340576500556089	0.08648884207760799	0.6775880277729274	0.07277205067335646	0.10751951680793903
2902E38204	35	-1.1611012862816372	1.417253206525622	-2.7030324910489023	0.3383471130582403	-2.042046700221788	-3.9441868931875375	-0.02523235245583111	0.19230730373703042	-0.2853939021026357	-0.216561404441596	0.08009959896411334	0.017127507712435985	-0.9549323176178388	0.9787380473202607	-0.49767700950916316	-0.04881000197586838	-0.22740404050887864	0.12427878232816547	0.12494205801683367	0.16207411727787013
2902E38204	36	3.8020663850135765	4.289615981864184	1.8278673888059338	0.9329502645055423	-2.3130050994762312	-1.7060954603666891	-0.6276071199679873	-0.6720524425110785	-1.371352899566196	0.531862084090384	-1.7814694375824918	0.861485106775314	-0.25018538397975104	-1.1114695697263588	0.6431064061858929	-0.12371536586396781	0.5218295113873783	0.1686253738791914	0.3029740746973981	0.08499243518944732
2902E38204	37	4.241922250039584	3.5626479407352996	1.8821745270793813	0.30707202412587575	-4.007013356562317	-3.8515182570286965	0.5463842978427489	0.6075613547723779	-0.4673273082307241	1.086717283804709	0.5376823004054418	-0.8954768140938008	0.2856354157622009	0.8179380157330602	-0.6640855918380013	0.39253541082383725	1.0789310517596296	0.6885253785046361	-0.19299339716962405	-0.3551928424606081
2902E38204	38	-2.4798300734711187	-5.858684811013795	1.2966870134858859	-1.7032754302665905	1.4746950001288124	-1.7680607290598074	-0.42430829221477895	1.4400088477795119	1.320767601177033	-1.3707098551788348	-1.0440067242520439	1.5205307168238669	0.12126284035515783	1.4250162608661026	-2.022414018377232	0.08783526718043566	-0.3878605458845523	0.7007622061703531	-0.07937409783775817	-0.2605380514601463
2902E38204	39	3.5665871787072714	-0.025444561176570235	3.6365151229903487	-1.2920375984085983	-6.213012524656782	-3.855760169534469	0.15194264654055045	-0.03814785249341068	-0.22938784298172488	0.7597582952553552	0.13210666682462846	-0.4134161968246399	0.14996811355097267	0.8373527853248863	-0.9043109118774475	0.6594539670613968	0.33032390986921567	0.37306733354481403	-0.4546430307169953	0.05875966867393112
2902E38204	40	1.1410897854460609	0.5701789037098309	0.18432336947121475	-3.157901604800824	-3.786589317568864	-1.7324579859804556	0.3689121507768962	-1.0085031088812013	-0.6455418105615132	-0.6754662517136338	1.013093526557905	-0.13164617058036931	-0.8422817790877912	1.5623155863683682	-0.25890371682334434	-0.21159425562276946	0.11261909586663532	0.17763029605523095	0.27627012961839514	0.4701488195590877
2902E38204	41	4.783379522324685	0.6779427751964634	1.3152512313975386	3.1611276349120483	-2.831923744006427	0.2699409228931282	-1.4101685138865787	1.247743857289264	0.18163982954763247	0.9658744518915754	-0.07586503407398948	0.08898658801333781	-1.3507328679308903	-0.330492713841706	-0.6615736141469655	0.06069487099094095	0.2741468486238692	0.23891563550772	-0.10484564834187649	-0.17174067225163503
2902E38204	42	7.038253932928052	1.3780947722596366	2.056973402400934	1.22770773607759	-4.26204615376023	-2.3032278297320614	-0.6086602541776256	1.2874798557867375	-1.050380809609925	1.790353985131982	0.5562576227707925	-0.7962314141967539	-0.5083124152381833	0.8500902969438482	-0.2017959889594363	1.554851456644355	0.1461841053097761	0.16990495182118814	-0.20764883820907198	-0.2603992396445505
2902E38204	43	3.2067494253255955	0.939160444321928	-1.1183572307990388	1.9493266340738233	-2.5142355992878853	-3.417376466373713	-0.7199899031486301	1.8205444029365683	0.10618211541657763	1.082264005019293	-0.8099890385564852	0.783480458511864	-0.9268649303275642	0.1359225020802033	-1.4347671061536666	0.044128396581255114	0.4100299650053334	0.6314813307989449	0.10987203501760834	0.16028073378020702
2902E38204	44	0.41454049529648684	5.040466310269384	3.798674678474046	1.8655377077684743	-0.4062859068061353	-1.5068339032297287	0.42120321347953604	0.6695505463394464	1.0341130156426614	0.7620265174953282	-0.6255592541669206	0.9399588237409517	1.8287989478909419	1.6174463149135587	0.2841672062853653	0.07096207670385501	0.1864564145741643	0.1636818530685995	-0.11587090021622726	0.1803816801877418
2902E38204	45	-0.3393191107258444	-0.9691596407746771	-2.8932539132190955	1.3303897842997503	-2.111537262274587	-3.3841908721884684	-0.406860615745789	0.5499232318537135	-1.681260740675539	0.9528809631225557	0.12762317989375194	-0.6726081799494548	-1.7673010466855457	0.7256341135541089	0.6174164249337326	0.42125581987257865	-0.04646014792474307	0.7270883129889543	0.2928134048601716	0.3466102445668313
2902E38204	46	0.43854976163084713	-0.42717147239542885	1.3742703283493107	0.21153197833543969	-2.6432032696565058	-2.964462449224931	0.6445271164605333	0.7179024356808792	1.8498520336009903	1.2048369056985522	0.6048110846890669	0.8276974046311274	-0.7286881027168943	1.2885992648921996	0.6627421037191907	-0.19508412221679672	0.11364195615773665	0.7590738450833217	-0.24248408736539884	-0.2217000469586181
2902E38204	47	3.331628185596207	-4.909997669668442	-1.6305245354753033	-0.9556324758001442	-0.6729448540974434	-1.626703910349657	0.6208165862013284	0.5559115462984596	0.2898755022827664	0.05739873359631109	0.9567740801979692	0.9498431932805254	-0.7706445492426715	-0.0926847797611241	0.4439336459822516	0.4175153766651625	0.6231626798608556	0.39779114719933895	0.20239118110042997	-0.2947358299474039
2902E38204	48	-3.327146971170846	-3.819386737090131	-0.49021771212731546	-1.4496607460911126	-1.2689109885069445	0.1121120637701809	-2.646942608984887	0.7988123077837652	-2.3814753807205435	0.6219208290251637	-1.264226211349713	0.12234506968063918	-1.5706910002827497	2.0161561662617205	0.4111459569211777	0.4715292754997882	0.09014528553665824	0.3024204333147902	0.04769104600378671	0.29346200755893515
2902E38204	49	-0.25608820544453637	3.1617196948630415	-1.684788999686888	-1.2575923100159767	-0.08316144851186169	-3.3597246361261446	0.33192290575741934	1.199825273868966	0.2951246030435519	0.2553313042726082	1.230511597195117	0.17430109479613343	-0.9311321865517781	1.3887752581650734	-0.40792139816504625	0.028653537094365245	0.19256572457312626	0.03840392236733714	0.45409770355321544	-0.02618185239520221
2902E38204	50	2.383685774359451	4.989276105582803	2.7381003570937024	-0.8624430103087986	-1.899543978871718	0.3509035421225102	0.139140565327192	-0.6463102840949564	0.21481003884902483	-0.9897884306732727	-0.7712992667521494	0.5248256836409908	0.3572566352106287	-0.7547057238601436	-0.55474749213669	-0.31183640360068177	0.23133334118112114	0.0824393229881617	-0.6149447812022022	0.012860575090292148
2902E38204	51	3.336700304994684	3.788182955764114	-1.138135285320662	1.4185422041735616	-3.096196053816107	0.7678568163057173	-2.4867804479587723	1.3788813042505896	-0.9210708522895978	1.441338255514576	-1.2855102002848373	0.3577037149639839	-0.9256896278642264	-0.4277767423307981	-0.46733947059028447	0.14131560692659795	0.3904300475169695	0.06213648934963012	0.18569942411003626	0.24072084315320774
2902E38204	52	-6.7945149399865645	-0.027987145246321066	-3.077941319362126	-0.894752436017598	0.1363747689062731	0.5546436367279926	-0.07932286425462509	2.1157832416851567	-0.13386875736521597	-1.1882720943163008	1.6122102889845376	-0.804108796352093	-1.043653506321572	0.8051613854607187	-1.540875111821363	0.8284856057439476	-0.2449196890143408	0.32385675753388576	0.10005121543862816	-0.5081065607064068
2902E38204	53	2.956945731346037	-1.8078920436534993	1.270382590331358	-0.540558455036177	3.277508456992707	-0.760435416445449	1.207470397436523	0.5400908113688476	0.04799032532006242	0.1751338214292908	0.5336763381834106	0.35666117728653646	0.6274529021754847	-0.434438380687175	0.47738086045688055	0.04851285939878869	0.050559422820321887	0.22475710857936826	0.396511597992691	-0.13164249722292487
2902E38204	54	-4.634186025174115	0.2869587356142277	1.3542204801767561	-2.558377870293303	-0.5358935666107978	-0.6179346982318838	-0.8342818062524953	2.8934774370845515	-1.6071463369368346	1.144668282434121	0.6390811192941388	-0.09929556260992989	-1.838219267356784	-0.787571197742184	-0.6322901867075381	0.9596963047340004	0.1273944881415805	0.18950675520347482	-0.1642689343858319	-0.2573201427435605
2902E38204	55	-3.9678808333448945	1.3083838300122679	-1.7084304360209657	0.016801586529417545	-2.8576214481720426	-0.9539810085988831	-1.393460572911629	0.8427603214304529	0.018127723241773364	0.6291680496272278	0.8520720673365243	-0.3400604967387686	-3.2297477753195167	0.6104238929376511	-0.319601296714739	-0.42501044056866855	0.2608615313441238	0.06867352705969787	0.35686392990490634	0.21347741484420846
2902E38204	56	3.5603000322504155	-0.31709169814018157	2.03074760155864	1.4212825761629548	-0.7632012905332839	-1.8406972251214588	0.0872751747493683	-0.8398971995768971	-0.48901266532760923	0.006368909519895327	0.3902122111304418	-0.14551961098029764	-1.3643061726963628	0.5403473896895126	0.28309973678705935	-0.586394225950825	0.09891338485956536	0.19803022223674938	0.08690047013431257	0.3830672982822869
2902E38204	57	3.379097287916851	-4.610728851886066	0.5382507841159303	2.5391581225544786	0.9575461496552162	-1.1077400926259697	1.688974899287881	0.7912857778217297	0.5164897312449184	-0.15731201602118428	0.8046999974820597	1.5348017961816627	0.7651889099666962	1.4842040501357705	0.5461855536016986	0.3386828233276673	0.6965430968414819	0.5362480479983136	0.22096724908916232	-0.13628558783390465
2902E38204	58	-2.9644822226219016	-5.479087437413284	1.2613867015786824	0.5828242331580245	-2.5413087628282964	-3.1294142161436325	-0.609612287165032	0.6338665545826341	-0.5859683163106113	-0.21317920992186568	-0.5952297999386371	0.5132122733961708	-0.08233438600530346	2.1696971937111025	-0.4384070469527708	0.6681547665071164	0.32154844679589556	0.8920612198519182	0.40396777212685	-0.47324633004435546
2902E38204	59	1.2100371802669885	-2.621149802448663	0.6130503682863477	0.2423570909525412	-2.1582536939732746	-2.2429269203995323	-0.3294108441708379	-0.07054096883289884	-1.2392765852788288	0.4607342372690184	-0.2730123581453523	0.4353077870615625	-1.203218485085724	1.1859927673815183	0.47969223428091956	-0.0412099897821272	0.4915731590167536	0.7213880203444563	0.3801504211330442	0.1579635500214338
2902E38204	60	3.708745832656719	1.1339189360501933	-1.4397365424085258	2.0515955413342364	-2.753541723325486	-2.5582706366702075	-0.7241410989220012	1.604163903860164	-1.053025531587457	0.8923009474933565	-0.08664373121409708	0.24901697054520966	-0.8039737409477004	1.30214223169049	-1.2145276432966967	0.5459147184036275	0.6956281495938594	0.42608840767478307	0.05831441524812209	0.43714717031941897
2902E38204	61	1.4247310858660016	-7.21878859254884	1.9162763395445979	-2.633200968097722	-1.8871724731848214	-1.4204428518358716	-0.5636209165494184	0.34067881746695394	1.072156054331019	-0.3161063132254227	-1.0555951032753808	1.4523561145594606	0.28890985531668195	0.7561296039997363	-0.6942921961489348	-0.04702552941986804	0.30026781142838144	0.6834760837653067	0.09875021588106025	-0.5356251605474909
2902E38204	62	7.159668184352304	2.498523157949297	2.840636953336648	-2.019992273813536	-0.6003385844522942	-0.6779081310553705	-1.3285875906072815	-0.38161297962537444	-0.9740412046713467	0.9497648762932223	0.5533750945839617	-1.8690724542913166	-1.2708621972823868	-0.30451819324535623	0.21634686704509454	0.10495530336112102	0.031717032021380875	-0.12849561865066028	-0.22930527261656874	0.1873428524727978
2902E38204	63	4.425165847045731	-1.5997528821373024	1.793271488939861	-1.8725599818436511	-5.418157152081899	-2.92515788377231	-0.576120103549425	1.3126175232887067	-1.3584862391792307	1.1206716291293006	0.36077679356972925	-0.3515344569945018	-0.6610123409922932	-0.19911597115386104	-1.2818036898347196	1.29208728103155	0.4805822369590882	0.2794036820338557	-0.0716351667741375	0.07042151950551068
2902E38204	64	-2.1655345709225653	-1.281697326959705	3.7235082268903374	2.539442293064027	-3.1244163899249733	0.9277094852017251	-0.47458951305372254	-1.3735520000229304	-0.7736853656046763	-0.4031420652376816	0.13604270281695352	-0.6754559780623843	-0.37580492169852403	-0.3810370611534306	-0.04597030454013984	-0.08951509193085849	-0.037992942047266665	-0.19157117453277883	0.19007506843531163	-0.2478155672997473
2902E38204	65	-4.368287293639769	2.086147756563342	0.8406988122902981	-1.1780533744133206	0.4954581470187176	-0.991186534243595	-0.4167238778080713	0.8873656765346627	-1.1531083644665778	-0.5411159575570863	0.5954776289304771	-1.464707062880862	-1.3635571311346373	-1.4017688025908217	-1.6120102641335863	0.306827705941076	-0.04983533490195202	-0.028140929839554962	0.06818480070628996	-0.19366327865664124
2902E38204	66	-4.548402001189755	-2.56309400578505	-1.2099984373204442	-0.2351584440761525	-1.8757469590436624	-1.9961216868259646	-0.5551899616043134	1.5723934266387143	-1.2898216605720791	-0.6137040919710237	0.017342206287340955	0.20225062019308737	-1.4234535055061526	1.653972079376808	-1.3278256540323512	0.8180693927089755	0.08020046318975926	0.42406363013700266	-0.21901875630709822	-0.2782341524231682
2902E38204	67	1.0062697974292527	-1.0374355566939073	-1.4499066090954968	2.459401855389881	-3.879990395149764	-2.6402709109206866	-0.38404635575102164	0.30054616735596684	0.16813906548720103	-0.3696163926727578	-1.0151304072448586	0.3269301072170858	0.25335948733880204	0.24951580541776974	-2.198900307759923	-0.10771050617609967	0.15284551384480705	0.2784885913681061	-0.40273917692254924	0.22722231228024947
2902E38204	68	2.491486543967527	-0.10866563725527445	1.1305940218220905	-1.9117309899874013	-2.5612150892803376	-1.696783840162996	-1.795686860341228	0.4009689406897461	1.0469862348783407	0.6525839853838555	-0.7788771342924126	-0.0017507667485521239	-1.32501680270391	-0.7417786814416398	-1.0411893044536051	-0.3643983079235107	0.6732247305417449	0.3328419856295961	-0.46356529376749944	-0.44179653752597536
2902E38204	69	4.327062577764627	-4.095626296850284	0.09117286163903349	3.946772178460424	-0.15797397159098625	-1.2975245123391543	0.3808251305130912	-1.937584690757313	-1.2088801435636847	-2.154072076676546	0.6527941731805835	-1.3559666380677982	-0.2257711951380726	2.152491491358526	-0.9805578145649343	-0.3431060512192148	0.28288358787646684	0.6177384750447639	0.5302925533077623	-0.04354249813144184
2902E38204	70	5.500688814925107	0.976355013580534	0.6965945458565657	-2.393925836278911	2.079102187878207	-2.4807113557722884	1.8092042951879281	1.3159944467483864	-0.733542406887493	0.054833098456945395	2.606626175130155	-0.566803818347065	-0.2939290144497482	0.518210392129576	-0.5757032646309512	0.790403255056757	0.32990739048562756	-0.015346846519026291	0.21702839033912968	0.3077279991387827
2902E38204	71	6.6189537295641205	1.879391363541366	4.1652815008421795	-0.3752162811676034	-3.328676969116109	-0.9771978317480423	-1.4555621238639351	0.8943430660115321	-0.9487153698191109	1.231634481010761	-0.3708608889572329	-0.14188558908210602	-1.3387731206885112	0.03299721131333411	-0.29548663324547286	0.3056930920620444	0.9262571609523935	0.313507184945202	-0.805155588724195	0.14543030378310684
2902E38204	72	-4.732212310669626	-2.934094257450642	-0.369478621913246	-1.1028281535664104	-2.1342290641419686	-0.3668064433475946	-0.011496114733841711	1.6761009141330863	-2.1603684249799664	-0.6468971814354212	1.2348936825305674	-0.24869559603835079	-1.3165722370353732	0.8558628164724074	-1.2784496193137138	0.9764264515068688	0.24583404757451288	0.2937340645336024	0.14370108558586625	-0.19905813187625432
2902E38204	73	0.37653774307853083	0.8661576283678941	0.696566462261621	-0.39098548339778505	-1.1139319149792601	-1.3730860306809012	1.0842745262993279	-1.4502314510383176	-2.5578030924119575	-2.34428299845725	0.9237650885772613	-0.7152020227719547	-0.376799529765737	0.21552039618453134	-0.8188188675126526	0.29770058795480514	0.012046977697040662	-0.022626507909585092	0.33793762985730313	-0.260109646814358
2902E38204	74	4.637338655741962	3.2055584100176127	-3.399461210309867	-0.5320596883213402	0.48770132597030735	1.8821916630806337	-0.8603357278760062	-0.059061415713764776	-1.9487985148119145	1.4002259361116096	0.5651614428688478	-1.1547532632763975	-0.3542222040463832	0.22963487869917754	1.144091445443276	0.7091678398645356	-0.1952132107112543	-0.7753816402000522	0.5610300138148563	0.30264552643905995
2902E38204	75	3.7636070170069384	-1.4822745661793348	-3.916734838288126	1.3464177089846951	1.0769083129264	1.1172261060046198	-0.48058156744801694	1.1917280512297583	0.22327175840743996	0.8239838262400199	0.5315642238436549	-0.039734882311236674	0.45297833630896295	0.6261866408911676	-0.43132955185623567	-0.2710893911123109	0.3228260897983912	0.06594714448267447	0.15060100663224207	0.7761220644956048
2902E38204	76	0.8229727620293852	-0.316125381974821	-1.434172405854757	0.5514707384359023	-1.89237078947374	-2.333509217759846	-0.15153904014344421	-0.9107931034059231	1.7683927120717207	0.432526344116819	-0.22751187944549156	-0.27493036377039104	-1.4654949220565603	0.9035576608433733	0.26396637860995176	-1.0801752241596163	-0.011903138708762695	0.6035753830774093	-0.7982340015724116	0.24064405228332442
2902E38204	77	-2.5738182780050263	1.5155893001241303	0.269193219878445	-1.8489421854516341	-2.1482377184017585	-1.9157738433930431	-1.2608406568108674	0.20989912819163226	-0.73104853437968	-0.3033272125503437	0.8078686582451293	-1.7616085948599114	-2.1050342455451876	1.194236560049519	-1.9609989137257835	-0.15644942645585624	-0.024155777174992066	-0.13797101829032576	0.14288624122813576	0.2272732441297678
2902E38204	78	-2.743883884021889	2.1857013519798763	1.9084555247644446	-0.17436671650573432	-0.8424035574951947	-0.978691662491225	0.25573621109024414	1.4544236175884986	-1.2766320374852271	-0.07411494994055157	1.3242872845094193	-0.9714691051302644	0.25481038661277483	0.9023064981882893	-0.8778650271890052	0.7627150062073027	0.6167706021168204	0.4479702718588252	0.4855984330415726	-0.6507232932335483
2902E38204	79	2.0560531220380778	0.8569429180191009	0.2486773985996138	0.473699159135307	0.896449255926606	-3.921489448316751	0.31310443424876366	1.1198656329342913	-0.380825538586246	1.1046061923296648	0.647774178969416	0.04541825786964182	-0.8590786993190347	0.11593417604950784	0.05774857146828927	-0.08813723589272238	0.12269261426981015	0.21278223080502934	0.8631682739580693	0.08056392051051597
2902E38204	80	2.4035560303615657	-5.005743200565391	-1.3035399937807426	5.5516221190962725	-0.5628565999756201	-0.3244743950582878	-1.0283865054779615	-0.8868846990486194	0.3269856268366822	-1.6134603177250113	-0.4429179023478238	0.28930488801143284	-0.7538166906259709	2.938233053648813	-0.4663168146721035	-0.3164379786960638	0.23416485183942837	0.4847876935136741	0.509015634319179	-0.34811250065509247
2902E38204	81	3.6941286916946705	0.9359687767796531	3.0005518801164426	-1.8018046366335096	-3.332108269717078	-1.6946721091682049	-0.8677842583796154	-1.078417320954274	0.16528702680242935	-1.1382986486540758	-1.6950832399839417	1.3882671577023444	-0.3205396708440274	0.03137738116764166	-1.0708635395880592	-0.20905196237885315	-0.05566664680807665	-0.037807821680420295	-0.27730584077064546	0.22158461517650574
2902E38204	82	6.595437271298847	1.04755437615254	1.8535341991334484	2.5522667310053886	-1.0498929173112603	-2.073394432038344	-0.8179812886494315	1.0585507261449354	0.1580685809979534	0.4559655557218847	0.6519063231863551	-0.0029285194614381282	-1.6516947127006316	1.967462777383646	-0.8347521378327785	0.2941869909750827	0.12726214975655847	0.27970558419968605	0.25526654316062536	0.15196067310843597
2902E38204	83	-3.0450693648317735	0.5034011690803021	1.3480612557404605	2.221562272999733	-1.5885928619522491	-3.3955815470457855	-0.3769338864997107	0.36034362044376667	-1.110043280948665	1.1836095822564083	-1.3325833896959172	-0.581522438312966	0.16020353664907833	-0.9208387715235264	-0.3835191715242794	0.5253310901573562	0.7437549214146923	0.08476431809356577	-0.5405671582826816	-0.24264587781371594
2902E38204	84	-1.8708963479306553	2.7694893313621662	0.1599867812264535	-0.5965199570521418	-1.4144771761679162	-2.3810156109318035	-0.18423329415860268	-0.49178619371431265	-0.17163185962133776	-0.1464142074865833	1.6355812648274888	-2.0988967572874877	-1.497306324190795	1.0895169666549347	-0.4097205159153341	-0.30152918386247984	-0.2226952646070497	0.2757775637034394	0.8268383422180097	-0.2771501768616367
2902E38204	85	0.8787902513452666	-2.2739904715802766	0.6304164699045167	-0.6633421448346266	-2.0696191069854057	-3.5451257079244973	0.2556907764397738	-0.40321255914137777	-2.2538451850023606	-0.8656410208756113	0.09967874597786763	-0.7015845344626079	-0.32711435097644764	1.061754442942733	-1.0426741142833635	1.2676013753704054	0.15454183233909657	0.2064517510760171	0.6562800793878043	-0.7666426547443179
2902E38204	86	4.684168150397815	0.5395724763293331	0.7801073161837835	0.2921093467282705	2.142818253335201	1.7182751700945262	-0.1938060630466052	0.15738193722461946	0.7847291886688885	1.1388786441481458	0.5970491703798568	-0.23788564753920483	0.5244205922321437	1.0535010865535643	1.4286893573451027	-0.2789176718884989	0.05143983945161534	0.10996808159415061	0.29259902001222104	0.2834261502680584
2902E38204	87	-1.3065825428422981	-1.7987460624386884	-1.153814652090518	3.7335161594709017	-2.691089700468548	-3.0074480377463635	0.696844204605195	-0.5055568754188944	1.4193206649894434	0.4956471907430384	-0.6840271703398824	0.9200131183042544	0.3538551839018	1.9860098577532075	0.00045071751360259427	-0.32960367889763953	0.9668810312709522	0.3255745145031599	-0.3152908488884141	0.03288747431927286
2902E38204	88	4.677708441443899	-0.5152220605366934	3.2843072098741954	0.8706586067362454	-3.729314949476847	2.0300292078558266	-1.4030327230944377	-0.47594793081929265	1.240884070248542	-0.2880997096592679	0.1156933175519288	0.022670365322779773	-1.2880729983017678	-0.013351143865110826	-0.25962505875677744	-0.4121932184114159	0.03882132453637621	-0.005711533338334851	-0.5665722234684882	-0.25110552905874917
2902E38204	89	4.133755914368296	2.202103194863202	1.0118936358109913	-0.749621779601434	-3.0150044714771367	0.4614870549560104	-0.785307086028205	1.3342178978948265	-0.3375366949019054	0.5764298808969024	0.6296535341058227	-0.4034835759007329	0.3128801060872776	0.7303734775682049	-0.9561640598076786	0.7289073124716672	-0.36453080212279576	-0.008757633088702255	-0.015566761231029291	0.1043868313703471
2902E38204	90	3.753667583423846	1.0921609074724579	2.600332556146948	-0.4320494494255098	-2.1847738812788355	-1.0727627700556353	-1.194555529536061	0.3203180283807032	0.9120806235093872	0.17125995621523704	-0.6846316276202284	-0.3025051137576469	0.31072679557177113	0.6431022575795542	-1.1281353296067373	0.011744319243314205	-0.3882186354088002	0.28043930385478455	-0.5447570129306112	-0.12216895331924382
2902E38204	91	-1.838005301255466	2.4260259758007656	3.620982760609027	-0.26013476927681767	-2.95784410268877	-3.058094290448998	-1.0010732118244836	0.094404782283809	-0.689642853818095	0.27148276103869695	0.4439526635514557	-1.305725392807826	-1.4080083025338153	0.5123946232468282	-0.9908254088766371	0.041951027046754685	-0.3465749542196892	0.21223317583069012	0.6711253941877924	-0.1427348343989201
2902E38204	92	5.586904344142136	2.8189241848602116	3.401126647266696	0.6939721270138928	-1.4770416550777934	0.13915963531278752	-1.3333902896516396	-0.599438935929631	-1.2065975209538977	0.4197702344619565	0.47606202410372833	-1.4429490476940678	-1.5415123284302437	0.5463884352932784	0.2898099107357459	-0.022255202867248247	0.06362744194739389	-0.07201909011481766	-0.3160380503241573	0.017458717250511402
2902E38204	93	3.5794305777692106	-0.5140888137090903	1.60060556758637	0.18433657150610427	-1.8644662804352048	-1.4477237380566477	-0.9891936685816884	-0.278000313566513	1.5420946050086157	-0.7188700547145934	-0.4057288028767705	-0.2281832506232817	-1.2303486175373946	-0.09724980889783086	-2.012117390786456	-1.0989891432332137	0.06955747675147816	0.4286196425422697	-0.5859402659215658	0.21332386925815294
2902E38204	94	5.233759615068758	2.2368347912422273	3.2355810806067273	-2.3842681475904723	-0.9062271867992766	-0.2865740190652266	-1.9726233181910513	0.84635856853568	0.4321829695216919	0.5692761307622469	-0.6005515905016499	-0.9673055082405853	0.5166932676866802	0.5608702924638937	-0.9336672617462711	0.14607618061601135	0.0455107736957292	0.4107550065093799	-0.4863440415091145	-0.29319125423491377
2902E38204	95	1.1362300196741104	3.2500959103422744	4.604744768496135	-2.1687900099944497	-1.1892175612155025	-1.9935333879448214	1.0859615867032661	-1.1603736148610768	-0.8151669834243678	-0.6639552120475514	1.6021420486186944	-0.5378140571054217	-0.9628624659821765	-0.0563241671332253	0.2941696786853156	-0.2598345797005721	0.4269611779343141	0.13696997031453173	0.4563986343192876	-0.25121662312909043
2902E38204	96	6.052979415173452	-0.5913815861711241	-0.3373816207914586	0.6295704071490031	0.7102883634234491	1.5781560562190693	-1.4531950407673553	1.1814421349265973	1.2167094493171837	1.2944990190888561	0.6095354362099623	-0.6896215713573994	0.03229457539310604	1.651115480447989	-0.25361978916322636	-0.47420148820202934	0.3714254369004355	0.24515122312304904	-0.080797146402799	0.6045969120072194
2902E38204	97	-2.2811231695856105	-0.2531514978520234	4.305853014511668	0.6081818438299709	-1.5452139025015394	-2.3731734799605197	0.4398074608265712	-1.3022712722487715	1.1806800940039692	-0.6907378698811726	-0.3504468931283935	0.24955391804935445	0.05120122020375123	-0.03307871539895291	-0.9136187494645847	-0.6912706980438821	-0.05841478689271429	-0.021283666138174118	-0.1119809362134252	-0.18791668912904091
2902E38204	98	0.2636075426018054	2.152501431592878	2.0515021849245896	2.654422469779717	2.020864661918073	-4.120315111653489	1.9646605376182324	1.2981427828179928	-0.37064633349041864	0.9017267513087852	0.7011866511490676	0.2697088707063209	-1.1455209423760946	-1.1542006039127901	-0.1916409427544168	0.013118210189217105	1.0262210010068078	0.231427527018081	-0.9625983754253309	-0.05994670522273671
2902E38204	99	6.998218250204632	0.8592658924318749	2.5917116659483375	0.642029803223831	-1.6950500313657446	0.6356811928706074	0.6163328868816147	0.18802195760923257	-0.11360799495163443	0.15305898614155145	1.5259444737359924	0.27353728363159213	-0.9264071079039906	0.9586959083030682	0.7675227189704485	0.5243112737018101	0.14018687404022967	-0.014380167592211057	-0.11597185397793663	-0.1042717663190671
2902E38204	100	-3.0506075631544345	2.1515824972989535	4.67990064867844	1.8818079020117504	-4.109406108533437	-2.2621363744362766	-1.1706820824874709	0.03424342666021363	0.12089793907509394	0.32512349582615774	0.455761269700125	-0.9728817519717481	-1.7545939984848393	-0.6894851268510667	-0.9655621097095222	-0.42403873855522756	0.3167647249678194	0.48458809983429085	0.4765892952428199	-0.14541260595159278
2902E38204	101	2.797291334124937	-2.492980157121057	0.7514617822122134	0.18361146886541446	1.3759725998538361	-2.8478551082142927	0.6715515238133771	-1.9276236301974	0.3170439858136631	-1.10123234396766	0.5831638561070303	-0.6076793802267346	-0.72625759102252	1.747607316637816	0.2719655592669272	-0.11651357476332658	-0.4149437677712615	0.018904483753065415	0.5329240926096783	-0.4885471822777787
2902E38204	102	4.621786640747741	0.30432320062397633	-0.5753206494548315	0.1759243487965736	0.19545037032456603	5.189917217663347	-1.2414655328874322	-0.9503410773179237	-0.5791953719800298	-0.871529417725857	0.6976053192520151	-1.3615833889943332	0.4945398903710691	1.767792725039688	0.31085815203911826	-0.168275139472295	0.2659385097776099	-0.0650161257488866	-0.08119819310051679	0.14638504125841445
2902E38204	103	0.3254572906809494	3.2833019899946088	5.700490452770544	0.21812859555366115	-1.473477921160003	-1.790144675250139	-1.5253501388040331	-0.3992279384879478	0.13807150427726134	0.49063730268839767	-0.5829171922388678	-0.35861883440769304	-1.3864760732834929	-0.019138109722013352	-0.5155325245581026	-0.7908467084780626	0.2626303159036507	0.14530123894221725	-0.049726766380410625	0.41979547396234773
2902E38204	104	0.8172638805136871	-0.6313882606733329	2.5615971816029157	-1.6778323502248722	1.106372886289525	-2.755527324267777	-0.2613765144800877	0.07489523446607182	1.671697090636799	-1.0281192954074256	0.7508453036800578	-1.0854923048596028	-0.24631147673134973	0.44541318886929315	-1.8117792133928448	-0.16173880500494997	-0.725262466823511	0.34559442953127495	0.2090257991828064	-0.7722237408750572
2902E38204	105	-1.3386608309832673	-0.5939562125136603	0.899138813862556	0.9256201545361438	1.1432052479903743	0.3955746831822653	-0.6423831759610583	0.047555763348852365	0.39791209865133004	0.7681142193212651	-0.1595770078172809	-0.7252436104071549	0.7398380337133832	-0.35564521926540027	0.0795607157963878	-0.13717142303896646	-0.18061974624439858	-0.21698632446652844	0.3616747883116769	-0.14408328137012694
